14586
175767
21080
25056
80069
16423
27839
138954
82293
21026
57460
101799
70688
56002
16246
56025
27827
24966
175693
38009
112957
56067
138992
26249
37955
57418
112863
42183
27848
27883
35563
82342
23868
18420
101568
61480
80013
75790
35495
70635
27807
82379
101688
27882
75776
42160
61648
57451
38103
175214
80012
14635
90649
14482
57558
16499
17598
175863
80142
90506
57498
175640
138902
55955
57463
90633
90684
55917
37952
37888
37939
70545
17634
39113
119629
175793
55881
57444
139184
55969
101641
27994
16149
80023
27761
18388
27762
119689
57511
82248
80107
57514
112895
30194
6493
61754
82181
17674
23828
16086
26312
9760
16238
9763
25575
35530
14600
35600
25154
39153
61535
14735
61693
30241
101624
112909
175175
112983
14421
42070
112964
30130
101670
38114
80011
61631
16374
39131
175623
80111
175873
30098
26419
75711
42687
70682
175499
4384
90532
61590
16522
80117
35604
42625
61738
75688
175941
42034
18354
7851
70659
82296
37893
75791
17614
70470
175114
21090
23891
4152
20981
7084
90454
101723
24948
119704
26291
22122
14319
14230
16170
27997
90575
61495
175649
57428
30155
22152
27805
4284
57371
17706
16304
57515
14284
138987
14338
25041
26247
6860
101767
16139
139016
35606
16090
90475
9959
75792
16385
25567
22111
61640
22234
39117
55960
35517
23831
42677
21102
75758
55891
175711
101625
30139
175157
90717
14353
112941
57478
197650
82297
16200
4122
42592
138937
90700
70717
61760
70724
26407
75761
39184
101751
70604
101701
101806
22138
25563
61504
70655
57465
55958
101682
17605
57333
38082
35516
139039
25668
5272
18353
90718
14333
61543
9802
16521
22115
22118
35567
16147
90551
39130
175539
70487
22206
1816
61550
138916
175099
61729
16487
175010
27788
22222
30175
38087
39267
75797
70520
16489
175536
14628
22196
30160
61514
18387
39230
56093
4809
90716
61599
26335
22091
61645
26361
90515
9867
90623
16128
14728
70651
37958
37903
37975
175437
70518
57415
30153
138896
80066
22163
14464
75853
39200
26351
11626
101787
75835
139181
70509
61616
82249
18327
101544
14527
175392
70665
37978
90471
112931
57411
23855
14674
175615
39132
16387
20982
57317
70591
27739
197612
37971
61555
61744
61633
101592
79969
23844
57328
27757
18370
61627
175869
90732
35655
37874
14718
26434
14755
8060
3931
26276
42177
61715
22205
25075
14256
2106
127419
30206
42049
75780
101797
175267
101761
80002
25698
112878
56007
61522
113003
57337
8069
139022
56036
25059
27825
57390
112832
175359
16408
21069
175879
138947
14316
23836
25551
26370
57443
6821
4775
14538
127345
16140
56106
21058
17630
21112
17652
16464
18330
42594
80001
55926
90554
101610
24947
25604
8427
75678
16531
37878
70653
90527
25562
5704
75779
175078
5409
139052
127405
17588
30128
42166
75714
25612
14444
55885
7901
42021
5184
127373
42017
22085
35492
38108
70501
138958
27907
57406
14562
25012
9924
25159
175097
79991
127338
37972
7965
35645
23816
82220
7904
35537
24987
175584
35646
21049
90555
127309
14186
70736
61677
90539
61723
101527
37990
175529
70515
80093
16206
70511
90658
138941
75832
22168
30282
61666
30122
14687
57544
55951
17679
119595
75833
90498
23788
101609
14384
35522
25020
4825
39265
37894
25142
175523
16201
