4122
4284
4024
27865
25577
27967
17630
25637
21102
25005
119605
17689
22140
14736
17652
25162
14404
21060
3895
23833
21070
18415
25096
42009
101547
18394
119734
16238
21098
90573
175695
17661
21103
27928
26276
139174
3948
14380
75767
5337
5297
14745
5627
26326
101545
175913
5176
6604
21104
6006
127410
23814
90534
101565
175621
27918
175917
21099
35537
18420
101738
5705
26349
30206
101546
139150
27960
6013
22049
2307
26273
26378
7851
17622
25024
27943
25022
26426
17685
21113
26257
28000
16360
21050
26402
7084
90687
17643
17625
2096
27775
39195
42642
16505
2087
14436
22196
175223
2094
119574
112825
2106
6840
27870
175176
4059
22218
18332
26407
6828
101720
90475
4727
16414
37996
90498
22165
70682
14586
70545
25056
23886
119704
4314
39270
80023
23822
35606
14682
70724
90575
127370
57406
80111
55926
57473
101564
138985
39141
22135
80069
14735
23828
55928
90536
35646
61514
70692
82343
82361
101732
112846
119652
197663
90591
127396
139151
4882
24968
75832
175079
16514
25153
42021
55947
56067
57431
75842
75845
79993
112814
112836
119673
16522
35655
38003
57316
82275
139118
175127
18354
35677
37921
57418
57447
70549
70602
70625
80125
101761
119629
138935
139189
175198
175333
16192
38103
57371
61498
70479
80027
119633
21030
35679
42029
42671
57328
57384
75697
80012
82249
90642
90694
197612
5272
16176
22080
23816
35596
42068
42177
56003
56051
75709
75846
112934
112993
175131
197653
17684
25668
30122
38097
38110
39198
39200
55976
57417
70655
75724
90638
112983
127373
175264
8060
18370
22122
37913
61504
70555
79991
90519
90525
90716
101644
138923
139052
1801
14482
16527
17674
26249
27801
35661
37871
37995
38027
42044
57365
57391
61685
75739
101689
101807
112897
119679
127382
139209
175027
175652
14635
16477
17634
18392
22182
23851
27805
35503
35516
42050
42070
42162
55941
61614
61670
61738
61761
70584
70654
75672
75760
75778
80047
90542
101767
138913
138939
138946
139003
139006
139026
139097
175435
175490
175910
14338
14458
17706
22091
26277
26434
35558
42045
55978
57451
57458
61701
70569
70706
79969
79988
80015
80055
82287
119570
139087
174997
175124
175381
175789
14527
14655
16459
17598
17605
18363
21073
24950
24966
25609
26283
26401
26419
27821
30062
30153
38030
39117
42156
42184
42653
55960
56151
57403
61483
61627
61639
61760
70704
75794
80088
80129
90450
90465
90479
112873
138968
139027
175063
175813
197639
14545
14551
16183
16489
23827
25145
35526
39113
42657
56072
56116
57422
57504
75665
75776
75835
80099
82174
82217
90466
90537
90745
101769
112948
119625
119713
175114
175145
175329
175768
4340
9792
14256
14284
16218
17641
20982
23820
23887
25175
25627
35494
35495
35626
37999
38128
39133
39168
39267
42087
42684
57317
57538
61550
61580
70577
70634
75803
79974
79999
82235
82319
90640
90649
90681
101703
112867
112902
127309
127345
139049
139123
139156
139191
175054
175175
175379
175711
175761
9924
14333
18379
18387
18427
21021
22233
25135
25615
30169
30221
35628
42082
42125
42183
55896
55923
57553
61631
61675
79960
82229
82300
90608
90673
101562
101570
112830
119701
127372
138997
139215
174979
175042
175100
175647
175751
197659
197688
16144
16356
16513
17700
18327
18377
21086
22085
25043
25150
25685
26393
27813
30289
35509
35570
39222
42049
42088
42122
42639
42640
42650
42688
42690
56136
57498
61632
61698
61716
70745
75677
75678
75714
82295
90518
90652
90665
101588
101609
101797
112839
119738
138954
139016
139037
139180
175098
197690
9822
14421
16090
16149
16170
16385
17607
18324
18328
21026
22115
22168
23877
25042
26268
26335
26342
27827
30060
35534
35563
37997
38088
42652
56080
61478
61707
70499
75683
75722
80008
80140
90722
101556
101584
101686
101705
119577
127393
127420
138915
175101
175106
175366
175467
175534
175667
175676
175739
175764
197626
14230
14384
14473
16391
16445
16469
21090
23868
24961
25079
25109
25620
25626
26386
27924
30198
30237
35517
35645
37939
37966
38065
42002
42106
42629
42686
56040
56081
56121
57392
57494
61543
61590
70585
70645
70651
75711
75755
75768
80106
80133
80164
82255
82257
90449
90493
90506
90633
101729
101808
119595
119661
127334
127376
139157
139188
175182
175228
175309
175930
9850
14464
14755
16200
16246
16447
16546
17678
18335
18365
21025
22132
22187
25035
25159
25635
26364
27793
30199
35567
35669
37915
37927
38052
42018
42626
42702
55914
57499
61532
61674
75825
79961
80002
80066
80070
80081
80102
82196
82253
82353
82371
90544
90546
90590
90628
90672
101592
101596
101601
101688
101718
127336
127383
138929
138949
175006
175204
175513
175590
175831
1816
1817
14710
16245
16493
21085
22160
22186
25071
26247
26351
26422
27752
27797
27826
27881
27907
30160
35492
37990
42596
55927
56015
56156
57329
57467
57469
61656
61691
70686
70710
75743
79996
80053
82211
90445
90545
90547
90646
90675
90693
101659
101662
101682
101697
112917
112957
119607
119718
127374
138982
138984
139060
139093
175031
175066
175180
175387
175394
175630
175674
175685
175893
197687
9809
16412
16463
18386
21064
22123
22138
24987
25055
25059
25564
25612
25634
26379
26420
30218
37888
37894
37967
37968
37978
37979
37984
38000
42139
42600
42660
56021
56043
56117
57368
57452
61650
61710
70504
70656
70675
70726
75792
79966
79977
79978
80011
80064
80097
82208
82236
82266
82350
82360
90666
90717
101536
101568
101605
101626
101721
101741
101751
112840
112903
112959
119655
127320
138910
138994
139007
139154
139166
139194
175126
175311
175312
175523
175600
175609
175615
175801
175897
175922
175938
9897
14177
14600
16499
17609
17708
21002
22125
22134
23891
24983
25154
25584
25605
26296
26306
27782
27945
35514
38083
39230
42167
42656
55929
56002
56005
57348
57427
57512
70473
70565
70730
75725
75729
75775
75780
75795
75816
82285
82347
90502
101529
101540
101548
101569
101655
101723
101754
101788
101791
112835
112858
112866
112892
119657
138965
138973
139113
139122
139182
175010
175046
175069
175128
175193
175536
175760
197646
5409
7904
9760
14557
16217
16350
16392
16461
17589
17653
17669
18325
18330
22185
22234
23831
24970
24981
25075
25078
25158
25179
25553
25561
25591
27796
27857
27889
27994
30085
30088
35532
35595
35615
38063
38105
39212
39265
42591
42631
57376
57462
57489
61602
61619
61693
61724
70554
70619
70647
70688
75805
75824
75837
80014
82167
82260
90566
90574
90670
90683
90727
101731
101771
112878
112893
112937
112954
119635
119650
119699
127329
127358
127365
138908
138972
139023
139121
139178
139202
175048
175072
175129
175135
175313
175415
175648
175816
175870
197674
197694
6884
9867
14164
14661
14687
16114
17656
17668
18391
21052
22118
23860
24963
26336
26343
27882
27910
27978
30178
30212
30264
35632
35660
39208
39240
42004
42035
55875
56011
56030
57345
57448
57463
57465
57523
61591
61669
70649
75769
79975
80107
82197
82239
90527
90714
101538
101615
101669
101678
101699
101785
112845
112852
112940
127388
139017
139040
139061
139092
139140
139161
175073
175091
175151
175266
175402
175447
175448
175515
175607
175679
175712
175724
175759
175869
197613
197620
8069
9968
14399
16206
16464
17602
18344
18349
18353
21022
21058
22173
22231
23805
25160
25164
25573
25610
26302
26312
26395
27739
27757
27830
27973
27997
30143
30284
30295
38108
42017
42020
42059
42104
42187
42589
56071
56083
56088
57341
57377
57461
57479
57545
61633
61723
61741
61750
70453
70472
70480
70503
70562
70581
70659
70723
75750
75833
80025
80071
80084
82278
82281
90599
101575
101616
101624
101664
112820
112898
112988
127338
138961
138978
138980
138989
139162
139213
175183
175267
175386
175794
197679
5184
6435
14316
14444
14674
16140
16326
16341
16347
18372
21011
21075
22198
23836
23872
23898
25074
25129
25174
25555
25599
25618
26265
26361
27958
30175
30210
30242
37931
37952
37970
38025
38048
38051
39130
39243
39274
42063
42119
42150
42609
42682
55872
55878
55894
55955
56159
57326
57484
57513
57515
61654
61754
61757
70470
70592
70627
70705
70716
70735
70740
75682
75751
75788
75821
80167
82279
82376
90473
90474
90530
90664
101527
101618
101628
101708
101746
101798
112841
112976
119709
127357
127369
127389
127399
138898
138945
138959
138976
139018
139038
174999
175121
175154
175336
175403
175417
175429
175640
175814
175829
175877
175921
1609
1851
4858
5375
6821
8077
9646
9714
9802
9947
14550
16109
16526
17623
17633
20981
22163
22232
25054
26295
27849
27853
27976
30128
35556
37900
37912
37932
37965
37985
38004
39142
39155
39210
39235
41998
42055
42181
42185
42607
42608
42654
55962
55998
56146
61575
61608
61643
61718
70663
70681
70689
70731
75747
80032
80101
80134
82286
82298
82338
82379
90470
90495
90508
90551
90708
101531
101544
101611
101635
101722
101790
112909
119647
119725
119727
127342
139034
139055
139149
139193
139216
174987
174995
175015
175095
175357
175409
175437
175470
175474
175532
175538
175547
175597
175605
175662
175735
175817
175826
175848
175862
197682
4152
6493
6614
8075
8408
8427
8461
9856
14319
14442
14535
14636
14670
14686
16408
17601
18351
18430
21078
21081
22105
22180
23892
25111
25122
25549
26309
27746
27772
27812
27869
27917
30064
30072
30135
30195
30255
35616
38059
38074
39206
39233
39246
42117
42124
42130
42164
42621
42677
42680
55882
55908
55945
55951
55983
56010
56025
57340
57359
57397
57420
57497
57511
57556
61491
61538
61567
61722
61759
70567
70613
70671
70680
70746
75763
75797
75826
75853
80080
80141
80160
80171
82177
82238
82349
82373
90451
90626
90644
90662
101528
101608
101652
101706
101749
101768
101795
119623
119712
119728
127391
127401
138912
138927
138938
139031
139090
139200
175047
175060
175118
175130
175150
175163
175292
175365
175453
175456
175465
175535
175755
175765
175781
175790
175867
197624
6823
8433
8470
9763
14580
14700
16097
16286
16328
16396
17644
18356
18382
21063
21117
22120
22229
24986
24999
25566
25606
27750
27788
27912
27932
30172
30174
30214
30247
30292
35555
35592
37991
39154
39225
39262
42010
42036
42078
42112
42133
42149
42628
55982
56024
56039
57350
57381
61535
61539
61540
61547
61559
61594
70509
70524
70539
70652
70708
75699
75705
75706
75727
75746
75753
75844
75849
75851
79992
80001
80005
80056
80112
80115
80145
80159
82209
82225
82246
82261
82296
82336
82357
90494
90504
90526
90528
90550
90584
90643
90650
90711
90735
101530
101585
101590
101603
101641
101643
101685
101698
101759
101801
112857
112860
112863
112931
112944
112968
113003
119641
119648
119695
127308
127351
138914
138940
139024
139135
175026
175040
175086
175159
175179
175241
175295
175376
175525
175686
175784
175853
175894
197648
197656
197662
197665
197692
4809
4825
7971
9960
14265
14438
14517
14668
14677
16247
16374
16378
16397
16403
16454
16484
16487
18403
21067
22079
22086
22089
23790
23821
23904
24952
25004
25008
25019
25050
25563
25617
25692
26250
27873
27905
27908
27947
30094
30159
30164
30256
35582
35682
37889
37893
37903
37908
38016
38113
38130
38134
39152
39247
39258
42015
42023
42076
42168
56020
56144
57342
57412
57510
61555
61593
61625
70461
70465
70511
70583
70588
70615
70628
75688
75708
75713
75734
79987
80029
80031
80061
82254
90464
90531
90564
90572
90583
101549
101563
101632
101645
101653
101654
101672
101701
112974
112997
119645
119658
127363
127386
138916
138919
138962
138987
138990
139066
139072
139074
139083
139091
139153
139197
139211
139214
175034
175039
175050
175166
175218
175335
175551
175709
175727
175746
175868
175896
175918
197642
197655
8396
9662
14178
14195
14362
14630
14664
16122
16361
16382
16446
17614
17686
21004
21028
22201
22216
22222
23839
24997
25134
25640
25674
26263
26334
26341
26410
26416
27740
27774
27795
27847
27946
30155
35577
38017
38032
38071
39159
39197
39271
42054
42179
42663
55939
57386
57446
57486
57488
61485
61558
61579
61661
70527
70633
70660
70725
70728
75664
75779
75814
75829
79964
80117
80128
80150
82192
82202
82247
82309
90476
90710
90729
101684
101736
101748
101752
112832
112837
112895
112914
112984
113000
119606
119621
119684
119741
127298
127315
127378
138924
138952
139008
139051
139062
139079
139160
139192
139205
174975
174981
175021
175074
175105
175141
175146
175233
175293
175317
175359
175384
175430
175477
175562
175591
175844
175900
175933
4792
6400
6860
7901
7993
7998
8331
9681
14422
14538
14590
14693
16139
16386
17658
17705
22104
22152
23797
23835
23867
23885
24962
24979
24994
25020
25047
25069
25595
25670
26392
27751
27773
27777
27959
27966
30126
30180
30194
30220
35545
35659
37868
37949
37955
38006
38023
38042
38120
39131
39229
39285
42037
42038
42053
42158
42645
42687
55905
55906
55950
55958
55969
55992
56045
56094
56096
56106
57327
57390
57396
57398
57407
57495
61475
61477
61574
61577
61592
61603
61618
61696
61715
61726
61749
70476
70540
70591
70658
70707
75663
75670
75671
75712
75791
75806
75820
75823
79963
79967
80103
80147
80155
82195
82297
82332
82369
90488
90567
90569
90576
90691
90718
101535
101553
101661
101700
101704
101709
101713
101794
112870
112879
119638
119722
119724
127304
127343
127421
138960
138993
139015
139033
139063
139141
139159
139195
139203
139206
139212
175055
175093
175109
175148
175215
175314
175339
175369
175398
175410
175414
175451
175452
175568
175606
175721
175747
175775
175788
175798
175802
175875
175915
197676
197678
4329
4459
5425
6556
7062
8014
9635
9656
9918
14186
14457
14479
14704
14718
14728
16086
16321
16395
16411
16471
16481
16520
17635
18367
18380
18388
18399
20983
21109
21110
23788
23804
23848
23855
23882
23888
23899
24958
24969
25039
25044
25091
25112
25550
25562
25705
26262
26332
26382
26394
27762
27767
27875
27890
27955
30083
30152
35564
35565
35581
35590
35613
35671
37919
37924
37973
38008
38082
39226
39264
41996
42048
42083
42121
42128
42151
42603
55871
56014
56065
56157
56158
57444
61545
61548
61641
61655
61713
61725
70484
70508
70546
70621
70623
75680
75731
75732
75735
75748
75756
75822
80036
80067
80093
80096
80166
80168
82207
82214
90538
90555
90581
90586
90659
90663
90702
90739
101537
101558
101599
101612
101779
112822
112842
112849
112963
112998
119589
119632
119677
119690
127321
127375
127398
127405
127416
138896
138928
138951
138970
138981
139020
139030
139064
139067
139070
139165
174980
175008
175013
175018
175035
175043
175087
175152
175187
175310
175321
175347
175388
175396
175476
175510
175527
175608
175612
175622
175653
175661
175671
175793
175873
175904
175919
197610
197627
197643
197651
197666
6490
6502
9730
9811
9982
14373
14379
16147
16283
16304
16337
16348
16387
16407
16532
17640
18346
18366
18378
18398
21054
21068
21080
22075
22133
22205
22210
22220
22230
23894
24974
25029
25030
25036
25142
25168
25567
25613
25665
26259
26291
26340
26397
27789
27895
27942
27954
27968
30075
30131
30133
30279
35520
35566
35619
38009
39132
39148
42071
42137
42142
42160
42173
42638
55900
55965
56012
56082
56101
57338
57517
57555
61472
61516
61557
61563
61600
61615
61616
61645
61666
61745
61753
70502
70525
70542
70552
70559
70668
70669
70670
75666
75773
75815
79984
80046
82184
82193
82204
82220
82224
82234
82256
82268
82293
90520
90580
90658
90730
101550
101560
101582
101650
101715
101725
101728
101796
101806
112829
112854
112869
119593
119636
119656
127306
127319
127367
127397
127409
138979
139068
139081
139104
139127
174972
174994
175071
175092
175097
175099
175115
175171
175172
175185
175210
175231
175355
175371
175426
175428
175443
175444
175478
175482
175506
175613
175626
175682
175707
175719
175773
175858
175906
175941
197684
4289
4425
5132
5318
5529
5945
8416
8434
11626
14152
14293
16157
16405
16500
16534
18355
18418
21012
21032
22206
23798
23799
23812
23823
23843
23873
24959
25140
25147
25157
25687
26274
26284
27799
27858
27891
30176
30300
35519
35583
35631
35650
37902
37910
37956
37974
37976
38126
39122
39172
39215
42003
42024
42033
42172
42683
55889
55931
55937
55979
55984
56037
56060
56102
56120
57355
57369
57385
57415
57425
57428
57433
57472
57521
57530
61468
61589
61621
61682
70486
70522
70599
70600
70644
70713
70741
75790
75793
75852
79976
79986
80009
80123
80148
80151
80152
82187
82188
82252
82325
90455
90477
90484
90552
90559
90592
90712
101533
101614
101629
101656
101667
101690
112819
112853
112935
112975
112987
112989
119571
119572
119716
119742
127302
127316
127353
127404
127406
138974
139088
139112
139130
139143
139173
139201
174992
175002
175007
175011
175016
175029
175056
175113
175181
175213
175230
175289
175326
175327
175380
175594
175627
175780
175837
175843
175880
175884
175899
175934
197615
3930
3931
4085
8332
9972
14251
14588
14615
16133
16167
16201
16282
16333
16462
16476
16521
17610
17697
20996
21007
21084
22045
22153
22181
22188
22204
23808
23844
23874
23875
25064
25098
25106
25108
25570
25590
25611
25621
26256
27745
27790
27815
27839
27856
27866
27868
27938
27952
27965
27977
30098
30112
30138
30154
30185
30274
30299
35599
35600
35618
37934
37993
38021
38114
39129
39143
39167
39189
39217
39239
42011
42016
42105
42111
42625
42659
55912
55934
56114
56115
56119
56143
57336
57379
57409
57438
57483
61568
61601
61620
61644
61673
61677
70489
70604
70614
70620
70666
70678
70717
75674
75766
75808
80017
80018
80033
80054
80095
80126
80153
82185
82194
82304
82366
82375
90490
90505
90556
90596
90615
90622
90676
90678
90732
101593
101634
101670
101800
112874
112942
112950
112981
113004
119576
119602
119642
119665
119670
119676
119707
127385
127387
127413
138909
138943
139054
139086
139098
139120
139131
139181
139184
139208
174996
175004
175012
175104
175120
175143
175224
175240
175268
175316
175344
175432
175462
175492
175500
175504
175583
175588
175669
175677
175691
175706
175723
175741
175745
175805
175815
175850
175887
197628
197664
197675
197681
197686
197696
4384
4462
4511
5389
6576
6577
7900
8465
9731
9805
9906
14407
14424
14563
16112
16531
17603
18331
18425
21049
22144
22219
22221
22227
23787
23890
23902
24965
25041
25076
25093
25105
25131
25155
25163
25576
25673
26338
26371
26391
26428
27794
27825
27969
30066
30074
30137
35507
35522
35536
35612
35623
37909
38002
38087
39177
39219
42095
42096
42174
56007
56016
56036
56046
56079
56097
57380
57440
57441
57506
57514
61470
61610
61612
61680
61727
61742
61744
70454
70635
70729
70732
70743
75679
75689
75772
75800
79968
79994
80007
80013
80121
80144
80146
82201
82222
82250
82273
82351
90500
90515
90543
90614
90632
90720
101551
101591
101627
101657
101663
101666
101724
101758
101770
101789
112834
112876
112910
112936
112973
119659
119674
119733
119740
127333
127356
127412
127417
138897
138899
138922
138991
139089
139145
139186
174977
175000
175110
175144
175201
175265
175291
175342
175385
175399
175440
175473
175563
175577
175675
175699
175717
175722
175749
175767
175820
175821
175860
175879
175902
197636
197680
197689
4435
4807
5704
6446
6491
8087
8426
9639
9752
9920
14298
14697
16126
16159
16370
17608
17660
17664
18337
18381
18433
21018
22171
22213
23785
23826
23845
23907
24989
24998
25017
25034
25119
25143
25167
25607
25624
26322
26380
27776
27804
27922
27933
27936
27981
27986
28007
30241
30257
30297
35499
35538
35636
35666
37878
37881
37946
37950
37954
38001
39207
42046
42077
42141
42623
42676
55952
56057
56092
56113
56127
56142
57322
57346
57421
57423
57437
57501
57544
57557
61511
61513
61587
61637
61668
61711
61729
61730
70469
70482
70510
70513
70514
70616
70629
70662
70664
70699
75690
75693
75749
75854
80044
80105
80135
80136
82180
82244
82264
82277
82280
82306
82331
82363
90461
90467
90613
90634
90647
90686
90728
101559
101610
101630
101639
101674
101691
101739
101776
101786
101805
112826
112868
112871
112882
112932
112941
112956
112965
112995
113005
119575
119578
119599
119634
119644
119706
119715
119735
127300
127314
127344
127346
127408
138932
138937
138992
139046
139047
139076
139124
139126
139132
139137
139175
139185
174982
174990
174993
175022
175024
175052
175064
175065
175111
175123
175158
175184
175352
175363
175400
175401
175408
175494
175511
175556
175565
175580
175582
175643
175769
175771
175772
175777
175827
175865
175881
175937
197650
197683
1526
5222
6606
7075
7109
8025
9654
9793
14200
14505
16154
16355
16452
16480
16519
17620
17651
17655
18389
20984
22058
22070
22074
22200
23791
23807
24948
24971
24992
25000
25084
25099
25113
25165
25180
25557
25582
25659
26270
26396
26412
27800
27807
27989
28010
30130
30179
30276
30278
35576
37876
37940
37975
37980
38046
39150
39166
39184
39278
39282
42007
42012
42026
42028
42073
42146
42166
42700
55885
55895
55935
56073
56131
57315
57332
57360
57449
57450
57507
57532
57559
61493
61585
61635
61638
61672
61687
61697
70455
70456
70464
70501
70548
70700
75696
75762
75789
75817
79971
79981
79995
80087
80098
80132
80156
82199
82210
82219
82267
82284
82339
82342
82348
82367
90499
90514
90541
90565
90578
90579
90598
90645
90657
90677
90701
90726
90741
101532
101534
101543
101555
101595
101597
101711
101712
101714
101745
101778
101787
101799
101802
112813
112847
112851
112856
112872
112899
112900
112906
112913
112970
112982
113002
119580
119598
119637
119660
119664
119737
127332
127341
127419
138900
138905
138917
138936
138955
138964
138995
139009
139146
139171
139176
139179
174967
174991
175001
175003
175019
175030
175049
175067
175070
175078
175083
175122
175138
175157
175169
175202
175301
175319
175334
175337
175397
175411
175424
175438
175481
175483
175485
175495
175529
175549
175564
175579
175599
175603
175623
175657
175660
175663
175665
175668
175687
175688
175696
175703
175718
175740
175750
175757
175766
175770
175806
175812
175832
175840
175863
175886
175888
175939
197609
197611
197630
197631
197632
197660
197691
3954
4775
7061
7921
7926
8040
8430
8469
9733
14155
14172
14347
16088
16263
16453
16479
18345
18414
21003
21029
21036
21061
22111
22189
23789
23896
25012
26260
26366
26368
26372
26418
27791
27884
27926
30059
30081
30093
30117
30147
30215
30224
30246
30263
30269
35525
35546
35604
35648
35649
37890
37891
38022
38043
38099
38121
39114
39188
39203
42064
42175
55919
55922
55948
55977
56111
56112
57331
57361
57375
57487
61537
61584
61658
61692
70496
70519
70578
70648
70653
70665
70693
70698
70719
75720
75730
75758
75819
75841
80041
80068
80072
80089
80173
82171
82291
82346
82358
82359
90472
90496
90532
90533
90589
90680
90682
90684
90692
101542
101567
101589
101676
101757
112821
112824
112861
112926
119585
119601
119626
119682
119687
119692
127303
127355
127422
138941
138996
139010
139022
139078
139114
175189
175236
175237
175508
175512
175672
175693
175825
197625
197670
197737
3900
4483
5626
6561
9645
9683
9753
9959
14353
14356
14445
14447
14654
14702
16202
16274
16400
17593
18341
18357
18417
21005
21024
21045
22048
22073
22078
22084
22098
22103
22207
23794
23863
25556
25688
26261
26285
26383
26390
26399
26411
27764
27766
27785
27867
27906
30061
30089
30114
30123
30139
30146
30291
35521
35562
35571
35598
35656
37892
37918
37951
38132
39115
39121
39149
39175
39211
39232
39266
42039
42581
42695
55868
55891
56028
56085
56140
57362
57394
57477
57481
57500
57533
61503
61565
61576
61583
61588
61694
61743
70488
70515
70556
70637
70641
70657
75669
75719
80040
80075
80130
80143
82178
82183
82203
82258
82274
82303
82308
82340
82374
90454
90462
90480
90510
90609
90611
90620
90623
90719
90743
101583
101587
101602
101668
101726
101727
101740
112848
112877
112887
112964
119597
119639
119681
119689
119721
127337
127403
127415
138903
138933
138975
139004
139011
139012
139058
139198
139217
174974
175032
175058
175077
175190
175222
175331
175343
175370
175460
175501
175545
175592
175646
175690
175713
175736
175823
175889
175892
197698
4399
5373
7104
7925
8340
8443
9885
9907
14167
14315
14504
16118
16135
16194
16291
16299
16318
16342
16381
16423
17588
17627
17707
21009
21066
21069
21091
22065
22077
22114
22127
22130
22147
22164
23784
23802
23818
23870
23889
23909
24947
25013
25057
25086
25089
25097
25149
25161
25560
25574
25600
25604
25698
26253
26307
26360
27779
27784
27834
27848
27887
27927
27930
27979
28005
30091
30100
30101
30118
30161
30227
30270
30275
30282
35485
35487
35488
35530
35533
35539
35560
35633
35647
35668
37879
37899
37904
37911
37914
37922
37982
38062
38094
39126
39194
39213
39281
39286
42022
42067
42157
42594
42691
55873
55879
55917
55938
56064
56093
56128
56145
57334
57357
57468
57474
61471
61473
61486
61522
61546
61604
61629
61634
61683
61712
61733
61756
70463
70478
70497
70520
70521
70544
70642
75668
75721
75754
75798
75809
75813
75830
75839
79965
80003
80039
80049
80059
80074
80142
80174
82189
82206
82213
82228
82232
82259
82288
82312
82314
82328
82335
82377
90471
90481
90539
90577
90588
90597
90602
90610
90627
90631
90704
90724
101541
101572
101573
101574
101619
101625
101637
101647
112883
112904
112924
112930
112986
119594
119603
119604
119608
119609
119619
119671
119698
119700
119717
119743
127301
127323
127392
127411
138907
138934
138958
138998
139014
139032
139085
139101
139170
139196
139204
174978
174988
174989
175033
175061
175075
175139
175153
175191
175306
175354
175356
175392
175413
175434
175461
175480
175497
175581
175624
175650
175689
175701
175737
175796
175822
175833
175839
175874
175883
175912
175927
197634
197671
4343
4824
4912
9912
14475
14484
14497
14562
17659
18326
18350
22043
22137
23846
25016
25068
25579
25598
26293
26303
26365
26370
26387
26406
26417
27798
27802
27806
27883
27957
27964
30105
30106
30157
30196
35529
35542
35614
37874
37971
38029
38049
38093
38125
39169
39209
42034
42592
42618
56017
56049
56050
56053
56139
57319
57337
57349
57367
57382
57478
57543
61506
61586
61617
61622
61676
61695
61747
70485
70498
75684
75703
75707
75733
75740
75770
75840
75847
80045
80073
80091
80158
80172
82218
82240
82265
82282
82290
82320
82368
90478
90503
90524
90557
90563
90594
90618
90725
90746
101677
101679
101694
101755
112818
112888
112955
112991
119649
127296
139000
139048
139057
139099
175023
175160
175196
175214
175308
175349
175471
175486
175540
175559
175611
175617
175642
175649
175684
175694
175732
175779
197668
5053
5100
7850
14450
14544
14649
14685
16128
16153
17638
17647
18416
21013
21112
22056
22057
22087
22097
22146
22183
25038
25082
25100
25102
25124
26252
26356
26388
27741
27744
27763
27792
27810
27820
27840
27911
27925
27948
30086
30125
30190
30251
30262
30267
30293
35603
37925
37948
38041
38116
39144
39153
39176
39252
42025
42058
42590
42664
42685
55874
55893
55930
57411
57445
57528
57558
61476
61490
61492
61501
61536
61562
61595
61599
61681
61700
61719
61752
61758
70460
70505
70518
70589
70674
70701
70736
70742
75761
75836
79972
80006
80028
80035
80051
80052
80090
80124
80131
82179
82181
82226
82270
82310
82354
90453
90529
90582
90617
90630
90689
90707
101552
101580
101598
101604
101623
101631
101696
112850
112911
112920
112947
112992
112994
119630
119668
127307
127349
127354
127395
138947
138971
139019
139039
139102
139116
139133
174970
174983
175084
175085
175212
175216
175220
175244
175395
175418
175421
175422
175472
175499
175522
175530
175570
175620
175656
175659
175710
175731
175756
175758
175787
175792
175847
175872
175926
197640
1540
4052
4161
4498
4744
5157
14244
14305
14343
14446
14493
14618
14620
14621
14628
14723
17679
17709
18338
18410
20995
22052
22113
22236
23837
25002
25095
25551
25575
26254
26279
26310
26339
27743
27761
27786
27803
27822
27823
27897
27921
27941
27944
27975
27983
30071
30079
30087
30095
30142
30231
30259
35496
35501
35540
35594
35611
35675
37867
37880
37907
37933
37958
37972
37981
38026
38047
39111
39187
39192
39196
39214
39237
39244
42019
42079
42084
42127
42135
42136
42161
42163
42582
42658
42669
42675
55869
55880
55881
55892
55981
56027
56087
57333
57373
57374
57378
57401
57410
57439
57443
57460
57490
57518
57535
57547
57548
61467
61480
61484
61495
61496
61508
61518
61524
61534
61553
61581
61626
61628
61640
61648
61665
61671
61686
61705
61706
61732
61740
61748
61751
70459
70466
70477
70487
70507
70516
70550
70568
70632
70638
70673
70685
70703
70739
75675
75716
75717
75718
75723
75737
75745
75764
75777
75801
79962
80004
80030
80042
80076
80114
80169
82172
82176
82221
82233
82242
82248
82305
82315
82318
82322
82330
82344
82356
90463
90482
90489
90501
90517
90522
90540
90549
90554
90560
90587
90593
90603
90619
90629
90636
90648
90668
90690
90700
90709
90723
90733
90747
101561
101577
101665
101675
101681
101702
101707
101743
101744
101750
101756
101760
101764
101766
101777
101783
112817
112828
112838
112859
112862
112865
112886
112908
112923
112929
112945
112952
112958
112962
112966
112996
119586
119591
119600
119618
119620
119627
119643
119646
119654
119663
119666
119675
119678
119680
119683
119686
119696
119697
119702
119708
119730
127310
127326
127328
127360
127366
138902
139013
139029
139075
139095
139096
139111
139125
139139
139142
139163
139183
174969
174973
175009
175020
175082
175162
175168
175170
175177
175178
175206
175219
175229
175234
175348
175412
175423
175431
175464
175484
175539
175542
175543
175553
175561
175566
175569
175584
175593
175598
175614
175616
175619
175629
175641
175651
175655
175673
175705
175720
175742
175752
175754
175778
175786
175809
175841
175925
175946
197614
197635
197647
197669
82316
82227
90516
139077
175882
175639
197618
90721
101735
6789
7965
